1648536133.947497, -32
1648536136.638341, -32
1648536139.275043, -32
1648536141.931007, -32
1648536144.626702, -32
1648536147.303821, -32
1648536150.011497, -33
1648536152.715230, -32
1648536155.586126, -32
1648536158.299185, -32
1648536160.990722, -32
1648536163.874541, -32
1648536166.538894, -32
1648536169.271344, -39
1648536172.032733, -32
1648536174.736895, -32
1648536177.594581, -32
1648536180.234624, -32
1648536182.931637, -32
1648536185.587677, -32
1648536188.268165, -32
1648536191.117647, -32
1648536193.835150, -32
1648536196.542821, -38
1648536199.326072, -31
1648536202.075197, -31
1648536204.866751, -31
1648536207.634377, -31
1648536210.519408, -31
1648536213.337632, -31
1648536216.152230, -31
1648536218.836904, -31
1648536221.734871, -31
1648536224.499128, -31
1648536227.250729, -31
1648536230.046886, -43
1648536232.980314, -31
1648536235.687503, -31
1648536238.482323, -37
1648536241.227548, -31
1648536243.939107, -31
1648536246.630253, -31
1648536249.271406, -31
1648536251.945510, -31
1648536254.809251, -31
1648536257.686877, -31
1648536260.439246, -31
1648536263.211921, -38
1648536265.771201, -31
1648536268.581579, -31
1648536271.256792, -31
1648536273.982673, -31
1648536276.855420, -32
1648536279.665881, -32
1648536282.374107, -32
1648536285.070627, -32
1648536287.986941, -32
1648536290.759139, -32
1648536293.617564, -32
1648536296.282484, -32
1648536299.043482, -32
1648536301.734834, -32
1648536304.471401, -32
1648536307.275755, -32
1648536309.899327, -32
1648536312.571723, -32
1648536315.193670, -32
1648536317.895638, -32
1648536320.651101, -32
1648536323.406473, -32
1648536326.086150, -32
1648536328.877653, -32
1648536331.635966, -32
1648536334.402967, -32
1648536337.078482, -32
1648536339.801627, -32
1648536342.558213, -32
1648536345.301617, -32
1648536348.153232, -33
1648536351.065485, -33
1648536353.988106, -33
1648536356.731673, -32
1648536359.474473, -32
1648536362.124874, -32
1648536364.878441, -32
1648536367.454443, -33
1648536370.194172, -32
1648536373.036774, -32
1648536375.845143, -32
1648536378.529695, -32
1648536381.191423, -32
1648536384.040686, -32
1648536386.822386, -32
1648536389.597796, -32
1648536392.558807, -32
1648536395.280960, -32
1648536397.994640, -32
1648536400.878896, -32
1648536403.500876, -32
1648536406.187352, -32
1648536408.823893, -32
1648536411.604225, -32
1648536414.484637, -32
1648536417.195029, -32
1648536419.879878, -32
1648536422.543079, -32
1648536425.196374, -32
1648536428.020054, -32
1648536430.751199, -32
1648536433.500633, -32
1648536436.115682, -32
1648536438.847393, -32
1648536441.791035, -32
1648536444.506421, -32
1648536447.119013, -38
1648536449.881703, -38
1648536452.559318, -38
1648536455.248098, -38
1648536457.972122, -38
1648536460.809118, -38
1648536463.530864, -38
1648536466.278893, -41
1648536468.933780, -41
1648536471.583269, -41
1648536474.354488, -41
1648536477.046204, -41
1648536479.886024, -41
1648536482.618916, -41
1648536485.260320, -41
1648536488.077505, -41
1648536490.742627, -41
1648536493.507651, -41
1648536496.178875, -41
1648536498.959202, -41
1648536501.809632, -41
1648536504.567205, -41
1648536507.193791, -40
1648536509.991804, -40
1648536512.654606, -40
1648536515.395110, -45
1648536518.017818, -40
1648536520.744027, -40
1648536523.460154, -40
1648536526.167452, -40
1648536528.840957, -40
1648536531.496019, -40
1648536534.254787, -40
1648536537.030073, -41
1648536539.786933, -41
1648536542.516561, -41
1648536545.231032, -41
1648536548.182322, -41
1648536550.890667, -41
1648536553.514689, -41
1648536556.187123, -41
1648536558.861711, -41
1648536561.634007, -41
1648536564.517212, -41
1648536567.263452, -40
1648536570.206311, -40
1648536572.935629, -40
1648536575.850134, -40
1648536578.582240, -40
1648536581.213983, -41
1648536583.937925, -41
1648536586.591000, -40
1648536589.455955, -40
1648536592.192000, -40
1648536595.083321, -38
1648536597.707192, -38
1648536600.383365, -38
1648536602.974271, -38
1648536605.662950, -38
1648536608.287873, -38
1648536611.167344, -38
1648536613.822779, -38
1648536616.389266, -38
1648536619.030422, -38
1648536621.675038, -38
1648536624.439637, -38
1648536627.194956, -38
1648536629.887429, -38
1648536632.666300, -38
1648536635.326791, -38
1648536638.079542, -38
1648536640.769855, -38
1648536643.415710, -42
1648536645.987889, -42
1648536648.640601, -42
1648536651.246159, -42
1648536653.903880, -42
1648536656.626131, -39
1648536659.390875, -39
1648536662.022008, -39
1648536664.817967, -39
1648536667.510350, -39
1648536670.175120, -39
1648536672.918867, -46
1648536675.672462, -39
1648536678.347889, -39
1648536680.998831, -39
1648536683.615052, -39
1648536686.291006, -39
1648536688.934589, -39
1648536691.647626, -39
1648536694.311267, -39
1648536696.975424, -39
1648536699.653664, -39
1648536702.362472, -45
1648536705.074354, -41
1648536707.785897, -40
1648536710.496033, -40
1648536713.191681, -40
1648536715.916483, -40
1648536718.683942, -40
1648536721.392024, -40
1648536724.006570, -40
1648536726.658388, -40
1648536729.283742, -40
1648536732.203362, -45
1648536735.065541, -41
1648536737.834160, -40
1648536740.595285, -40
1648536743.247999, -40
1648536745.921093, -39
1648536748.795418, -39
1648536751.450656, -39
1648536754.232283, -39
1648536756.853943, -39
1648536759.543264, -39
1648536762.195785, -39
1648536764.865283, -39
1648536767.703190, -39
1648536770.394693, -39
1648536773.206252, -39
1648536775.925434, -33
1648536778.586480, -33
1648536781.280061, -33
1648536784.017261, -33
1648536786.858665, -33
1648536789.506725, -33
1648536792.179369, -33
1648536795.190514, -33
1648536797.862495, -32
1648536800.604565, -32
1648536803.263633, -32
1648536805.896237, -32
1648536808.559023, -32
1648536811.166125, -32
1648536814.018782, -32
1648536816.792994, -32
1648536819.510493, -32
1648536822.106435, -32
1648536824.976175, -32
1648536827.590599, -32
1648536830.306934, -32
1648536832.986702, -32
1648536835.822620, -32
1648536838.497885, -32
1648536841.156348, -32
1648536843.983110, -32
1648536846.903223, -32
1648536849.601711, -32
1648536852.239856, -32
1648536854.977781, -32
1648536857.667597, -32
1648536860.403483, -32
1648536863.168414, -35
1648536865.870579, -33
1648536868.566225, -33
1648536871.225754, -33
1648536873.887302, -33
1648536876.587818, -33
1648536879.230509, -33
1648536882.176733, -33
1648536884.826541, -33
1648536887.549409, -33
1648536890.193243, -33
1648536892.934688, -33
1648536895.630143, -33
1648536898.389997, -33
1648536901.010189, -33
1648536903.712435, -33
1648536906.341014, -33
1648536909.070071, -33
1648536911.899693, -33
1648536914.595686, -33
1648536917.182509, -33
1648536920.000999, -33
1648536922.675209, -33
1648536925.347706, -34
1648536927.993954, -34
1648536930.694288, -34
1648536933.461665, -34
1648536936.180709, -34
1648536938.842470, -34
1648536941.510251, -34
1648536944.191444, -34
1648536946.935868, -34
1648536949.598484, -34
1648536952.251308, -34
1648536954.888451, -33
1648536957.635839, -33
1648536960.306331, -33
1648536963.014840, -33
1648536965.774176, -33
1648536968.435754, -33
1648536971.106027, -33
1648536973.787257, -33
1648536976.390675, -33
1648536979.211985, -33
1648536981.801728, -33
1648536984.625316, -33
1648536987.195308, -33
1648536989.911178, -33
1648536992.783088, -33
1648536995.472770, -33
1648536998.120223, -33
1648537000.902405, -33
1648537003.582656, -33
1648537006.314678, -33
1648537009.088377, -33
1648537011.856268, -33
1648537014.661841, -33
1648537017.258114, -33
1648537019.961153, -33
1648537022.607359, -33
1648537025.269627, -33
1648537027.930843, -33
1648537030.671114, -33
1648537033.223093, -33
1648537035.986729, -33
1648537038.690242, -33
1648537041.568875, -33
1648537044.269896, -33
1648537047.002376, -33
1648537049.741732, -33
1648537052.408403, -39
1648537055.066412, -33
1648537057.729986, -33
1648537060.406204, -33
1648537063.093123, -33
1648537065.820743, -33
1648537068.474196, -33
1648537071.147095, -33
1648537073.846675, -33
1648537076.591537, -44
1648537079.275137, -44
1648537081.989678, -44
1648537084.791072, -44
1648537087.527051, -42
1648537090.362740, -42
1648537093.071538, -41
1648537095.822161, -41
1648537098.594308, -41
1648537101.267954, -41
1648537104.022143, -41
1648537106.717475, -41
1648537109.439381, -41
1648537112.051433, -41
1648537114.759873, -41
1648537117.602240, -41
1648537120.246994, -41
1648537122.964622, -41
1648537125.618988, -41
1648537128.383803, -41
1648537131.047186, -41
1648537133.767258, -41
1648537136.577565, -41
1648537139.343022, -41
1648537142.022771, -41
1648537144.780520, -41
1648537147.450730, -41
1648537150.215796, -41
1648537152.811311, -41
1648537155.522355, -41
1648537158.095719, -41
1648537160.853718, -41
1648537163.578921, -41
1648537166.395102, -41
1648537169.053342, -41
1648537171.906470, -41
1648537174.643378, -41
1648537177.291237, -41
1648537179.996158, -41
1648537182.766306, -41
1648537185.596594, -41
1648537188.258264, -41
1648537191.052171, -41
1648537193.823955, -41
1648537196.479607, -39
1648537199.190375, -39
1648537201.862527, -39
1648537204.677521, -39
1648537207.439156, -39
1648537210.175509, -39
1648537212.813876, -39
1648537215.527432, -39
1648537218.351499, -39
1648537220.993853, -39
1648537223.688622, -39
1648537226.414404, -39
1648537229.047683, -39
1648537231.810708, -39
1648537234.479211, -39
1648537237.134993, -39
1648537239.987821, -39
1648537242.779919, -39
1648537245.591226, -39
1648537248.216951, -39
1648537251.166128, -39
1648537253.982447, -39
1648537256.805925, -39
1648537259.603922, -39
1648537262.324552, -39
1648537265.018524, -39
1648537267.857745, -39
1648537270.667213, -39
1648537273.326368, -39
1648537276.051192, -39
1648537278.818522, -39
1648537281.626771, -39
1648537284.242528, -39
1648537287.008508, -39
1648537289.634463, -39
1648537292.332108, -39
1648537295.190766, -39
1648537297.863136, -39
1648537300.558970, -39
1648537303.327461, -39
1648537306.055370, -39
1648537308.784726, -39
1648537311.399284, -39
1648537314.144673, -39
1648537316.814841, -39
1648537319.523180, -39
1648537322.236179, -39
1648537325.002337, -39
1648537327.758998, -39
1648537330.439233, -39
1648537333.111753, -39
1648537335.963266, -39
1648537338.614634, -39
1648537341.378548, -39
1648537344.010832, -39
1648537346.747689, -39
1648537349.470718, -39
1648537352.143325, -39
1648537354.799261, -39
1648537357.578741, -39
1648537360.186610, -39
1648537362.986870, -39
1648537365.710043, -33
1648537368.383463, -33
1648537370.973246, -32
1648537373.603820, -32
1648537376.287810, -32
1648537379.002631, -32
1648537381.794645, -32
1648537384.489536, -32
1648537387.179327, -32
1648537389.922186, -32
1648537392.798232, -32
1648537395.443530, -32
1648537398.166667, -32
1648537400.815023, -32
1648537403.550277, -32
1648537406.309032, -33
1648537408.905980, -33
1648537411.627871, -33
1648537414.282447, -33
1648537417.058647, -33
1648537419.732584, -33
1648537422.484609, -32
1648537425.201485, -32
1648537427.910065, -32
1648537430.642632, -32
1648537433.303203, -32
1648537436.037866, -32
1648537438.866769, -32
1648537441.626103, -32
1648537444.394843, -32
1648537447.123600, -33
1648537449.798589, -33
1648537452.483513, -33
1648537455.155147, -33
1648537457.823556, -33
1648537460.573133, -33
1648537463.339792, -33
1648537466.023742, -33
1648537468.801952, -33
1648537471.546463, -33
1648537474.251282, -33
1648537476.997932, -33
1648537479.666545, -33
1648537482.370022, -33
1648537485.018653, -33
1648537487.815584, -33
1648537490.489995, -33
1648537493.136251, -33
1648537495.985514, -33
1648537498.669304, -33
1648537501.406168, -33
1648537504.070032, -33
1648537506.858794, -33
1648537509.625251, -33
1648537512.255590, -33
1648537514.867735, -33
1648537517.618693, -33
1648537520.342355, -33
1648537523.040326, -33
1648537525.789117, -33
1648537528.374608, -33
1648537531.026591, -33
1648537533.702043, -33
1648537536.450500, -34
1648537539.187623, -34
1648537541.801881, -34
1648537544.410871, -34
1648537547.103089, -33
1648537549.864630, -33
1648537552.534823, -32
1648537555.206422, -32
1648537557.955224, -32
1648537560.619565, -32
1648537563.224477, -32
1648537565.942758, -33
1648537568.606900, -33
1648537571.475992, -33
1648537574.061226, -33
1648537576.798291, -33
1648537579.474615, -32
1648537582.177633, -32
1648537584.801089, -32
1648537587.444824, -32
1648537590.083724, -32
1648537592.798552, -32
1648537595.490066, -32
1648537598.174632, -33
1648537600.854084, -33
1648537603.626804, -33
1648537606.494557, -32
1648537609.158053, -32
1648537611.919504, -32
1648537614.687591, -32
1648537617.572913, -32
1648537620.214662, -32
1648537622.875451, -32
1648537625.538767, -32
1648537628.208944, -33
1648537631.067428, -33
1648537633.733888, -32
1648537636.393665, -32
1648537639.054981, -32
1648537641.718595, -32
1648537644.379931, -32
1648537647.043116, -32
1648537649.707517, -32
1648537652.358410, -32
1648537655.034033, -32
1648537657.691799, -33
1648537660.456014, -32
1648537663.022823, -32
1648537665.719804, -32
1648537668.310196, -32
1648537671.106467, -32
1648537673.770383, -32
1648537676.536101, -32
1648537679.193969, -32
1648537681.906377, -32
1648537684.728804, -45
1648537687.430893, -41
1648537689.990715, -43
1648537692.786949, -43
1648537695.682926, -43
1648537698.391067, -43
1648537701.031493, -43
1648537703.772441, -43
1648537706.411942, -43
1648537709.098440, -43
1648537711.763130, -43
1648537714.477134, -43
1648537717.090653, -40
1648537719.856053, -40
1648537722.479076, -40
1648537725.190973, -43
1648537728.042274, -43
1648537730.910584, -42
1648537733.574274, -42
1648537736.275740, -42
1648537739.002633, -42
1648537741.698032, -42
1648537744.326615, -42
1648537747.091430, -39
1648537749.755962, -39
1648537752.408783, -39
1648537754.975764, -39
1648537757.678717, -39
1648537760.419118, -40
1648537763.182618, -40
1648537765.840360, -40
1648537768.483089, -40
1648537771.162944, -40
1648537773.920309, -40
1648537776.805173, -39
1648537779.451139, -39
1648537782.110253, -39
1648537784.771419, -45
1648537787.541924, -39
1648537790.207153, -39
1648537793.066989, -39
1648537795.833641, -39
1648537798.670944, -39
1648537801.260024, -39
1648537803.994891, -39
1648537806.686452, -39
1648537809.456221, -39
1648537812.116930, -39
1648537814.787564, -39
1648537817.439431, -39
1648537820.101086, -39
1648537822.967979, -39
1648537825.640403, -39
1648537828.260423, -39
1648537830.967043, -39
1648537833.619482, -39
1648537836.302544, -39
1648537839.144463, -39
1648537841.878337, -39
1648537844.590771, -39
1648537847.270225, -39
1648537849.986392, -39
1648537852.787000, -39
1648537855.430741, -39
1648537858.198029, -39
1648537860.856401, -39
1648537863.600018, -39
1648537866.239500, -39
1648537868.923109, -39
1648537871.507322, -39
1648537874.235405, -39
1648537876.935779, -39
1648537879.601431, -39
1648537882.212532, -39
1648537885.022754, -39
1648537887.679312, -39
1648537890.389768, -39
1648537893.111495, -39
1648537895.801962, -39
1648537898.411791, -39
1648537901.066270, -39
1648537903.763080, -39
1648537906.442972, -39
1648537909.086216, -39
1648537911.968311, -39
1648537914.614411, -41
1648537917.303436, -41
1648537919.947020, -39
1648537922.646615, -39
1648537925.362536, -39
1648537928.202358, -42
1648537930.802436, -42
1648537933.472427, -42
1648537936.084085, -42
1648537938.778856, -42
1648537941.445500, -42
1648537944.187118, -42
1648537946.786269, -42
1648537949.536632, -42
1648537952.254279, -46
1648537955.007492, -41
1648537957.727261, -40
1648537960.394645, -41
1648537963.053245, -41
1648537965.737025, -41
1648537968.442187, -41
1648537971.179545, -41
1648537973.896000, -41
1648537976.652028, -41
1648537979.279422, -41
1648537981.990705, -41
1648537984.658729, -41
1648537987.428002, -39
1648537989.998669, -33
1648537992.670730, -33
1648537995.414846, -33
1648537998.075393, -33
1648538000.808066, -33
1648538003.419102, -33
1648538006.026844, -33
1648538008.726508, -33
1648538011.338794, -33
1648538014.051729, -33
1648538016.787319, -33
1648538019.406944, -39
1648538022.028196, -34
1648538024.802402, -32
1648538027.503221, -32
1648538030.194391, -32
1648538032.851133, -32
1648538035.450800, -32
1648538038.135774, -32
1648538040.776728, -32
1648538043.433120, -32
1648538046.203593, -32
1648538048.887663, -32
1648538051.729087, -32
1648538054.395569, -32
1648538057.019560, -32
1648538059.658503, -32
1648538062.547528, -32
1648538065.355178, -32
1648538068.594965, -32
1648538071.575016, -32
1648538074.607297, -32
1648538077.688585, -32
1648538080.564677, -32
1648538083.481808, -32
1648538086.315713, -32
1648538089.002061, -32
1648538091.739540, -32
1648538094.431020, -32
1648538097.260009, -32
1648538100.062046, -32
1648538102.826082, -32
1648538105.588110, -32
1648538108.275401, -32
1648538111.116421, -32
1648538113.874050, -32
1648538116.855180, -32
1648538119.515746, -32
1648538122.195932, -33
1648538124.819059, -33
1648538127.713717, -33
1648538130.438182, -33
1648538133.077113, -33
1648538136.102337, -32
1648538138.786411, -32
1648538141.530469, -32
1648538144.202099, -32
1648538146.966099, -32
1648538149.691343, -32
1648538152.386748, -32
1648538155.050551, -32
1648538157.815800, -32
1648538160.481575, -32
1648538163.192953, -32
1648538165.846477, -33
1648538168.547605, -33
1648538171.202724, -33
1648538173.863014, -33
1648538176.662909, -33
1648538179.401897, -33
1648538181.987304, -33
1648538184.643903, -33
1648538187.235864, -33
1648538189.970052, -33
1648538192.647022, -33
1648538195.396602, -33
1648538198.010340, -32
1648538200.659509, -32
1648538203.258211, -32
1648538206.044787, -32
1648538208.819224, -32
1648538211.441192, -32
1648538214.042138, -33
1648538216.798575, -33
1648538219.461194, -33
1648538222.178302, -33
1648538224.800056, -33
1648538227.459117, -33
1648538230.079759, -33
1648538232.871529, -33
1648538235.622413, -33
1648538238.250834, -33
1648538241.032948, -33
1648538243.699193, -33
1648538246.394326, -33
1648538249.160301, -33
1648538251.921414, -33
1648538254.591536, -33
1648538257.279754, -33
1648538259.958509, -33
1648538262.643086, -33
1648538265.277437, -33
1648538268.113782, -33
1648538270.764310, -33
1648538273.533695, -33
1648538276.184187, -33
1648538278.866409, -33
1648538281.589644, -33
1648538284.298991, -38
1648538287.042292, -36
1648538289.771656, -36
1648538292.387810, -36
1648538295.030542, -36
1648538297.643940, -36
1648538300.372938, -36
1648538303.187226, -36
1648538305.902078, -36
1648538308.630712, -38
1648538311.277861, -38
1648538313.975712, -38
1648538316.738428, -38
1648538319.404878, -38
1648538322.166803, -38
1648538324.930833, -38
1648538327.587625, -38
1648538330.227490, -38
1648538332.862983, -38
1648538335.685270, -38
1648538338.442442, -38
1648538341.110542, -38
1648538343.879249, -37
1648538346.657718, -37
1648538349.506820, -37
1648538352.196757, -37
1648538354.932516, -37
1648538357.600888, -37
1648538360.223010, -37
1648538362.889423, -37
1648538365.602975, -37
1648538368.561648, -37
1648538371.202861, -37
1648538373.879183, -37
1648538376.647277, -37
1648538379.315583, -37
1648538382.078800, -37
1648538384.815809, -37
1648538387.498089, -37
1648538390.172082, -37
1648538392.930989, -37
1648538395.614657, -37
1648538398.459024, -37
1648538401.118818, -37
1648538404.004618, -37
1648538406.690700, -38
1648538409.411583, -38
1648538412.074995, -38
1648538414.838522, -38
1648538417.607065, -39
1648538420.274413, -38
1648538423.036171, -36
1648538425.694007, -38
1648538428.394377, -38
1648538431.126610, -38
1648538433.895752, -38
1648538436.554065, -38
1648538439.230743, -38
1648538441.859890, -38
1648538444.534945, -38
1648538447.190671, -38
1648538449.859359, -43
1648538452.621976, -38
1648538455.274157, -38
1648538457.943588, -39
1648538460.714561, -45
1648538463.480679, -39
1648538466.228396, -39
1648538468.908434, -39
1648538471.619731, -39
1648538474.290654, -39
1648538476.963398, -39
1648538479.659879, -39
1648538482.427450, -39
1648538485.032899, -39
1648538487.639133, -39
1648538490.276015, -39
1648538492.876216, -39
1648538495.544587, -39
1648538498.378623, -39
1648538500.992486, -45
1648538503.625984, -39
1648538506.274674, -39
1648538508.912384, -43
1648538511.710357, -39
1648538514.471252, -39
1648538517.066257, -39
1648538519.902526, -39
1648538522.568369, -39
1648538525.331679, -39
1648538527.994618, -39
1648538530.683513, -39
1648538533.418655, -39
1648538536.094598, -39
1648538538.790931, -39
1648538541.590763, -39
1648538544.201995, -39
1648538546.935526, -39
1648538549.602824, -39
1648538552.211852, -39
1648538554.877563, -39
1648538557.603467, -39
1648538560.211466, -39
1648538562.910397, -39
1648538565.573340, -39
1648538568.170998, -39
1648538570.782397, -39
1648538573.459897, -39
1648538576.069731, -39
1648538578.991765, -39
1648538581.763434, -39
1648538584.369963, -39
1648538587.079126, -33
1648538589.839881, -33
1648538592.610492, -33
1648538595.237404, -33
1648538597.923740, -33
1648538600.694674, -33
1648538603.321900, -33
1648538606.125227, -33
1648538608.801301, -33
1648538611.474308, -33
1648538614.074592, -32
1648538616.874131, -33
1648538619.543348, -32
1648538622.179005, -32
1648538624.816047, -32
1648538627.524860, -32
1648538630.193987, -32
1648538632.980031, -32
1648538635.600072, -32
1648538638.319722, -32
1648538641.007953, -32
1648538643.806909, -32
1648538646.482840, -39
1648538649.202333, -32
1648538652.001523, -32
1648538654.658776, -32
1648538657.451046, -32
1648538660.063859, -32
1648538662.779075, -32
1648538665.517349, -32
1648538668.188028, -32
1648538670.843060, -32
1648538673.651147, -32
1648538676.372162, -32
1648538679.045809, -32
1648538681.707707, -32
1648538684.463473, -32
1648538687.187549, -32
1648538689.899061, -32
1648538692.651422, -32
1648538695.390763, -32
1648538698.035445, -32
1648538700.741765, -32
1648538703.399354, -32
1648538706.167191, -32
1648538708.848146, -32
1648538711.586868, -32
1648538714.230695, -32
1648538716.922246, -32
1648538719.587630, -32
1648538722.378781, -31
1648538725.109649, -32
1648538727.903088, -32
1648538730.651719, -32
1648538733.302335, -32
1648538735.987159, -32
1648538738.836457, -32
1648538741.500315, -32
1648538744.243003, -32
1648538746.861850, -32
1648538749.599422, -32
1648538752.213641, -32
1648538755.175022, -32
1648538757.851136, -32
1648538760.547040, -32
1648538763.201342, -32
1648538765.974345, -32
1648538768.732298, -32
1648538771.405628, -32
1648538774.059452, -32
1648538776.675370, -32
1648538779.287528, -32
1648538782.048157, -32
1648538784.930860, -32
1648538787.671485, -32
1648538790.296965, -32
1648538793.106195, -32
1648538795.771051, -32
1648538798.435855, -33
1648538801.103805, -33
1648538803.860105, -33
1648538806.598358, -33
1648538809.252092, -33
1648538811.964827, -33
1648538814.716571, -33
1648538817.605304, -33
1648538820.203137, -34
1648538822.900322, -34
1648538825.567249, -34
1648538828.284213, -33
1648538830.999071, -33
1648538833.706186, -34
1648538836.377370, -34
1648538839.086090, -34
1648538841.864401, -34
1648538844.553698, -34
1648538847.115019, -34
1648538849.858312, -34
1648538852.699930, -33
1648538855.410644, -33
1648538857.995709, -32
1648538860.797928, -32
1648538863.442070, -32
1648538866.176352, -32
1648538868.822336, -32
1648538871.548811, -32
1648538874.312732, -32
1648538876.966617, -32
1648538879.742512, -32
1648538882.506375, -32
1648538885.086244, -32
1648538887.772233, -33
1648538890.596176, -33
1648538893.264778, -33
1648538895.994955, -33
1648538898.715450, -33
1648538901.439066, -33
1648538904.245507, -33
1648538906.810669, -33
1648538909.607321, -33
1648538912.404575, -33
1648538915.107998, -33
1648539023.674215, -34
